400
96533 16747
16747 123607
123607 152602
152602 113294
113294 2826
2826 57913
57913 46827
46827 67790
67790 34191
34191 122181
122181 181043
181043 173915
173915 145071
145071 13091
13091 151742
151742 117084
117084 60029
60029 59068
59068 95199
95199 102385
102385 160590
160590 10397
10397 24447
24447 142524
142524 78625
78625 187130
187130 36058
36058 60977
60977 177058
177058 69332
69332 101766
101766 141068
141068 137818
137818 22746
22746 36239
36239 124155
124155 80494
80494 130633
130633 86529
86529 194014
194014 37736
37736 144340
144340 21617
21617 132856
132856 51557
51557 123331
123331 62893
62893 10459
10459 186979
186979 132796
132796 29305
29305 187211
187211 19359
19359 77664
77664 98614
98614 164610
164610 22618
22618 98025
98025 6875
6875 67493
67493 45856
45856 150084
150084 162292
162292 72646
72646 104393
104393 106061
106061 85813
85813 192307
192307 172615
172615 46597
46597 166144
166144 81678
81678 143078
143078 123526
123526 41056
41056 134590
134590 172046
172046 29803
29803 35804
35804 198360
198360 45018
45018 127517
127517 16296
16296 182826
182826 197638
197638 185135
185135 4004
4004 20578
20578 189908
189908 66751
66751 43622
43622 86817
86817 40601
40601 2315
2315 132633
132633 159459
159459 11785
11785 96258
96258 108031
108031 192800
192800 49406
49406 120913
120913 81322
81322 31279
31279 131811
131811 111639
111639 167456
167456 147133
147133 27265
27265 126431
126431 49373
49373 49388
49388 60886
60886 71551
71551 46262
46262 113352
113352 164490
164490 10805
10805 80206
80206 117334
117334 92386
92386 4818
4818 160012
160012 41429
41429 194344
194344 20467
20467 121185
121185 58549
58549 116982
116982 146310
146310 105337
105337 40343
40343 27213
27213 85891
85891 177067
177067 2560
2560 91788
91788 176763
176763 91417
91417 35275
35275 145945
145945 176008
176008 85915
85915 94170
94170 115735
115735 41766
41766 120296
120296 18261
18261 83300
83300 5238
5238 35240
35240 2811
2811 20662
20662 91152
91152 67019
67019 82188
82188 109789
109789 38917
38917 96316
96316 88896
88896 96291
96291 198942
198942 116256
116256 19314
19314 37206
37206 48356
48356 156674
156674 123190
123190 167241
167241 57645
57645 139361
139361 168610
168610 194719
194719 72985
72985 170764
170764 48838
48838 175966
175966 130240
130240 24149
24149 50544
50544 189044
189044 2785
2785 101890
101890 7164
7164 23392
23392 135625
135625 132149
132149 138299
138299 86376
86376 87000
87000 11846
11846 35624
35624 62956
62956 191159
191159 176562
176562 65989
65989 139114
139114 52290
52290 159182
159182 199955
199955 59419
59419 87499
87499 16555
16555 5428
5428 19622
19622 47954
47954 69484
69484 159843
159843 39847
39847 107300
107300 98
98 117676
117676 76989
76989 92410
92410 8410
8410 189939
189939 147274
147274 165208
165208 5670
5670 186494
186494 123503
123503 174414
174414 57134
57134 41515
41515 165932
165932 29425
29425 145790
145790 175610
175610 123633
123633 34677
34677 186609
186609 196309
196309 109356
109356 2721
2721 4071
4071 161428
161428 8295
8295 66197
66197 103734
103734 111937
111937 36640
36640 56224
56224 92289
92289 146377
146377 171524
171524 37930
37930 188055
188055 154647
154647 21479
21479 48971
48971 125638
125638 13853
13853 157966
157966 47148
47148 98752
98752 170387
170387 119771
119771 94374
94374 34167
34167 198436
198436 107164
107164 51181
51181 71890
71890 93148
93148 158586
158586 120182
120182 181063
181063 178692
178692 189122
189122 116530
116530 94392
94392 156493
156493 78353
78353 5899
5899 22298
22298 192872
192872 11256
11256 177941
177941 19287
19287 63736
63736 172364
172364 158196
158196 146277
146277 84614
84614 4973
4973 3693
3693 196582
196582 51483
51483 165839
165839 90724
90724 170018
170018 16246
16246 182828
182828 188923
188923 162939
162939 57106
57106 140670
140670 35374
35374 23547
23547 99844
99844 193941
193941 19176
19176 111120
111120 91676
91676 103056
103056 199510
199510 142396
142396 145063
145063 189653
189653 197424
197424 107188
107188 87205
87205 157311
157311 99543
99543 150026
150026 158379
158379 4582
4582 14933
14933 80286
80286 190277
190277 162069
162069 55257
55257 31003
31003 154205
154205 169933
169933 107195
107195 11561
11561 9951
9951 63510
63510 130287
130287 72377
72377 149769
149769 68487
68487 68594
68594 146082
146082 194233
194233 148397
148397 62393
62393 195558
195558 94105
94105 127626
127626 103678
103678 134465
134465 58853
58853 69802
69802 2303
2303 27048
27048 199360
199360 94762
94762 12217
12217 119295
119295 89274
89274 23001
23001 123184
123184 155927
155927 123214
123214 10802
10802 96352
96352 156923
156923 185453
185453 71775
71775 184099
184099 159601
159601 95519
95519 54740
54740 5681
5681 131894
131894 73860
73860 148503
148503 60356
60356 97178
97178 173903
173903 39869
39869 125641
125641 52696
52696 153890
153890 68920
68920 63047
63047 68728
68728 110583
110583 189430
189430 32125
32125 21467
21467 3163
3163 22835
22835 146822
146822 53095
53095 130356
130356 106792
106792 193924
193924 108443
108443 111867
111867 152613
152613 154387
154387 136296
136296 73558
73558 82385
82385 43740
43740 171202
171202 18218

400
179121 30212
30212 46395
46395 120373
120373 192261
192261 12280
12280 29958
29958 129839
129839 74175
74175 33747
33747 58805
58805 131085
131085 87711
87711 75692
75692 104208
104208 190638
190638 156185
156185 7441
7441 44220
44220 109511
109511 150417
150417 183945
183945 191748
191748 180308
180308 103444
103444 61434
61434 35917
35917 63360
63360 87053
87053 59210
59210 104743
104743 47675
47675 40031
40031 143482
143482 190775
190775 144499
144499 130299
130299 121285
121285 188116
188116 160735
160735 133918
133918 65908
65908 193760
193760 24745
24745 107065
107065 95064
95064 116662
116662 73674
73674 54902
54902 68816
68816 99799
99799 186859
186859 27397
27397 70662
70662 136172
136172 196040
196040 38794
38794 19029
19029 108812
108812 101566
101566 126465
126465 17251
17251 41191
41191 89273
89273 97798
97798 14865
14865 100798
100798 131407
131407 188966
188966 47988
47988 168780
168780 132352
132352 170695
170695 145013
145013 168564
168564 155514
155514 65811
65811 24321
24321 77804
77804 159175
159175 122429
122429 170009
170009 178451
178451 193354
193354 59604
59604 191684
191684 139549
139549 125752
125752 166014
166014 56477
56477 91689
91689 43287
43287 174645
174645 69307
69307 141302
141302 26671
26671 90001
90001 126960
126960 119396
119396 42846
42846 29587
29587 69393
69393 164746
164746 105968
105968 156695
156695 148164
148164 16029
16029 186959
186959 170216
170216 33148
33148 119840
119840 79727
79727 104516
104516 12372
12372 74810
74810 31312
31312 195385
195385 31859
31859 95186
95186 176204
176204 94250
94250 19347
19347 162325
162325 90622
90622 86129
86129 140681
140681 141001
141001 183151
183151 154186
154186 106873
106873 136990
136990 158448
158448 119887
119887 46259
46259 67505
67505 138018
138018 154162
154162 182303
182303 89143
89143 153921
153921 22358
22358 73973
73973 188182
188182 17652
17652 10638
10638 69393
69393 55958
55958 43409
43409 77126
77126 152266
152266 43898
43898 164924
164924 185924
185924 152374
152374 47652
47652 14177
14177 179358
179358 178028
178028 10919
10919 148772
148772 5640
5640 146924
146924 158914
158914 126938
126938 61482
61482 69145
69145 15327
15327 42607
42607 175847
175847 31386
31386 128011
128011 182036
182036 26555
26555 155729
155729 19476
19476 16069
16069 154592
154592 65525
65525 108682
108682 69566
69566 124505
124505 188589
188589 31174
31174 173326
173326 149021
149021 163444
163444 144962
144962 7827
7827 96653
96653 40151
40151 152938
152938 130012
130012 46208
46208 78186
78186 24005
24005 176769
176769 133257
133257 95860
95860 195721
195721 167296
167296 18036
18036 175037
175037 132134
132134 185131
185131 3442
3442 134551
134551 4255
4255 67603
67603 91502
91502 80310
80310 38070
38070 70984
70984 27448
27448 176101
176101 86594
86594 110761
110761 68611
68611 198151
198151 77591
77591 112268
112268 4306
4306 130822
130822 159248
159248 50989
50989 163604
163604 16132
16132 91694
91694 80317
80317 186343
186343 87809
87809 17495
17495 76570
76570 15201
15201 45691
45691 93363
93363 91313
91313 119468
119468 127513
127513 120686
120686 34971
34971 88692
88692 114611
114611 37249
37249 166070
166070 71177
71177 187969
187969 163737
163737 79605
79605 164941
164941 148821
148821 143814
143814 186594
186594 82345
82345 128323
128323 155258
155258 101172
101172 197083
197083 140538
140538 133186
133186 114256
114256 162051
162051 152342
152342 23768
23768 57558
57558 4161
4161 843
843 2432
2432 32385
32385 186251
186251 44609
44609 186778
186778 121235
121235 134724
134724 156270
156270 1316
1316 20333
20333 165112
165112 176786
176786 33858
33858 37396
37396 4954
4954 129640
129640 128110
128110 121674
121674 127725
127725 184431
184431 18126
18126 133443
133443 65388
65388 69464
69464 97557
97557 58799
58799 27329
27329 16166
16166 974
974 154876
154876 164023
164023 67652
67652 199482
199482 138812
138812 126314
126314 71369
71369 148093
148093 178800
178800 76143
76143 97487
97487 180160
180160 101984
101984 83847
83847 142626
142626 155351
155351 51596
51596 170630
170630 34582
34582 77804
77804 161838
161838 20318
20318 120660
120660 139193
139193 128533
128533 44241
44241 151203
151203 116053
116053 153798
153798 49781
49781 165031
165031 94014
94014 16542
16542 3649
3649 119859
119859 195379
195379 14150
14150 129152
129152 154421
154421 99178
99178 133851
133851 151249
151249 88419
88419 80380
80380 186446
186446 181537
181537 25877
25877 17438
17438 94626
94626 149721
149721 159974
159974 28236
28236 33932
33932 54753
54753 173753
173753 81896
81896 167384
167384 72939
72939 102691
102691 168508
168508 110238
110238 94434
94434 88640
88640 150010
150010 27212
27212 29946
29946 84517
84517 48370
48370 113332
113332 47329
47329 707
707 141264
141264 127163
127163 66259
66259 100647
100647 25983
25983 8610
8610 183905
183905 185851
185851 11126
11126 40361
40361 108951
108951 161889
161889 15310
15310 24096
24096 111142
111142 58690
58690 9611
9611 53116
53116 186626
186626 93151
93151 43279
43279 98291
98291 180498
180498 101600
101600 181798
181798 150079
150079 25199
25199 98432
98432 82643
82643 91139
91139 173705
173705 3347
3347 124564
124564 12386
12386 33549

